structure(c(0, 0.685743757748767, 0.685743757748767, 0), .Dim = c(2L, 
2L))
