structure(c(0, 94.8062777425491, 110, 107.468255963965, 94.8062777425491, 
0, 53.7108606841158, 78.0251951544836, 110, 53.7108606841158, 
0, 47.8836216007405, 107.468255963965, 78.0251951544836, 47.8836216007405, 
0), .Dim = c(4L, 4L))
