structure(c(0, 1.9864671662394, 2, 2, 1.98819602898203, 1.98863636363636, 
1.92798789307334, 1.98098604151754, 2, 1.98758206737912, 1.96684782608696, 
1.95685601271884, 1.93682102118414, 1.9864671662394, 0, 1.87550356368144, 
1.94783080260304, 1.9895618717948, 1.99509803921569, 1.9680768793213, 
1.99586229866603, 2, 1.88087595781443, 1.98816115507618, 1.86366507519062, 
1.93437736022463, 2, 1.87550356368144, 0, 2, 1.99911933069133, 
2, 1.9898928781884, 1.99107142857143, 2, 1.9427385345282, 2, 
1.90186472819216, 1.88372487778381, 2, 1.94783080260304, 2, 0, 
2, 2, 1.99970536240424, 2, 2, 2, 2, 1.99915718499789, 1.85, 1.98819602898203, 
1.9895618717948, 1.99911933069133, 2, 0, 1.9793204600202, 1.94251998047685, 
1.9609662398541, 1.9811320754717, 1.94833228762557, 1.99129390510701, 
1.97468270575903, 1.70067597109816, 1.98863636363636, 1.99509803921569, 
2, 2, 1.9793204600202, 0, 1.97254382012086, 1.99312953527868, 
2, 1.98231598912628, 1.99675850577385, 1.98479524553184, 1.91660542544014, 
1.92798789307334, 1.9680768793213, 1.9898928781884, 1.99970536240424, 
1.94251998047685, 1.97254382012086, 0, 1.67200861640969, 2, 1.83105290771739, 
1.91216725167175, 1.92054966238977, 1.87349320316999, 1.98098604151754, 
1.99586229866603, 1.99107142857143, 2, 1.9609662398541, 1.99312953527868, 
1.67200861640969, 0, 1.9811320754717, 1.98154618357207, 1.98462388347702, 
1.97638666295032, 1.86050513885384, 2, 2, 2, 2, 1.9811320754717, 
2, 2, 1.9811320754717, 0, 2, 2, 1.88637104532914, 1.84905660377358, 
1.98758206737912, 1.88087595781443, 1.9427385345282, 2, 1.94833228762557, 
1.98231598912628, 1.83105290771739, 1.98154618357207, 2, 0, 1.96099645581436, 
1.70929413466069, 1.93113025168818, 1.96684782608696, 1.98816115507618, 
2, 2, 1.99129390510701, 1.99675850577385, 1.91216725167175, 1.98462388347702, 
2, 1.96099645581436, 0, 1.96870224811741, 1.97338923681708, 1.95685601271884, 
1.86366507519062, 1.90186472819216, 1.99915718499789, 1.97468270575903, 
1.98479524553184, 1.92054966238977, 1.97638666295032, 1.88637104532914, 
1.70929413466069, 1.96870224811741, 0, 1.92372003480217, 1.93682102118414, 
1.93437736022463, 1.88372487778381, 1.85, 1.70067597109816, 1.91660542544014, 
1.87349320316999, 1.86050513885384, 1.84905660377358, 1.93113025168818, 
1.97338923681708, 1.92372003480217, 0), .Dim = c(13L, 13L), .Dimnames = list(
    c("CommitCommentEvent->", "CreateEvent->", "DeleteEvent->", 
    "DownloadEvent->", "ForkEvent->", "GollumEvent->", "IssueCommentEvent->", 
    "IssuesEvent->", "PublicEvent->", "PullRequestEvent->", "PullRequestReviewCommentEvent->", 
    "PushEvent->", "WatchEvent->"), c("CommitCommentEvent->", 
    "CreateEvent->", "DeleteEvent->", "DownloadEvent->", "ForkEvent->", 
    "GollumEvent->", "IssueCommentEvent->", "IssuesEvent->", 
    "PublicEvent->", "PullRequestEvent->", "PullRequestReviewCommentEvent->", 
    "PushEvent->", "WatchEvent->")))
