structure(c(0, 0.430383903874164, 0.514984303657275, 0.438003319475717, 
0.483991465350315, 0.512107208892651, 0.829623183490166, 0.430383903874164, 
0, 0.419985445397907, 0.482679545141407, 0.567112268969836, 0.605325444505044, 
0.887384186526563, 0.514984303657275, 0.419985445397907, 0, 0.546108827931875, 
0.64536096672605, 0.684912562393555, 0.920223190290819, 0.438003319475717, 
0.482679545141407, 0.546108827931875, 0, 0.438686417172433, 0.45990546515018, 
0.809119595464103, 0.483991465350315, 0.567112268969836, 0.64536096672605, 
0.438686417172433, 0, 0.396127522163246, 0.732842704434436, 0.512107208892651, 
0.605325444505044, 0.684912562393555, 0.45990546515018, 0.396127522163246, 
0, 0.701159971846538, 0.829623183490166, 0.887384186526563, 0.920223190290819, 
0.809119595464103, 0.732842704434436, 0.701159971846538, 0), .Dim = c(7L, 
7L))
