structure(c(0, 0.716636679099799, 0.787878787878788, 0.734949070983963, 
0.951014810786399, 0.793952872394231, 0.92025152209484, 0.716636679099799, 
0, 0.481481481481481, 0.323678286003454, 0.657226715571021, 0.59680624980665, 
0.764705882352941, 0.787878787878788, 0.481481481481481, 0, 0.44, 
0.736761833665232, 0.356221740414006, 0.491259709915359, 0.734949070983963, 
0.323678286003454, 0.44, 0, 0.713390189565752, 0.442680577327985, 
0.741935483870968, 0.951014810786399, 0.657226715571021, 0.736761833665232, 
0.713390189565752, 0, 0.640626142930291, 0.569087850193841, 0.793952872394231, 
0.59680624980665, 0.356221740414006, 0.442680577327985, 0.640626142930291, 
0, 0.52, 0.92025152209484, 0.764705882352941, 0.491259709915359, 
0.741935483870968, 0.569087850193841, 0.52, 0), .Dim = c(7L, 
7L))
