structure(c(0, 0.725299359509885, 0.72, 0.720655216194912, 0.934779490010684, 
0.888055716896778, 0.725299359509885, 0, 0.416666666666667, 0.221264688756949, 
0.61030135805324, 0.723204419889503, 0.72, 0.416666666666667, 
0, 0.391304347826087, 0.737289347613122, 0.491600040826047, 0.720655216194912, 
0.221264688756949, 0.391304347826087, 0, 0.686023883237505, 0.708720930232558, 
0.934779490010684, 0.61030135805324, 0.737289347613122, 0.686023883237505, 
0, 0.590099636345766, 0.888055716896778, 0.723204419889503, 0.491600040826047, 
0.708720930232558, 0.590099636345766, 0), .Dim = c(6L, 6L))
